주파수 (Hz)	레벨 (dB)
43.066406	-32.225780
86.132813	-39.386597
129.199219	-31.373362
172.265625	-21.443710
215.332031	-16.598795
258.398438	-14.590360
301.464844	-14.936917
344.531250	-15.731110
387.597656	-20.402863
430.664063	-25.881678
473.730469	-26.945841
516.796875	-30.949837
559.863281	-31.387440
602.929688	-28.055685
645.996094	-25.110493
689.062500	-26.666220
732.128906	-32.824818
775.195313	-34.358170
818.261719	-33.436317
861.328125	-33.448559
904.394531	-33.868515
947.460938	-35.074169
990.527344	-35.000801
1033.593750	-35.184689
1076.660156	-36.394100
1119.726563	-35.884598
1162.792969	-37.407253
1205.859375	-40.238194
1248.925781	-41.261566
1291.992188	-41.685471
1335.058594	-40.844494
1378.125000	-40.340900
1421.191406	-40.601837
1464.257813	-39.447392
1507.324219	-40.607975
1550.390625	-40.249546
1593.457031	-39.121265
1636.523438	-40.359123
1679.589844	-40.449898
1722.656250	-41.025539
1765.722656	-42.634651
1808.789063	-42.688526
1851.855469	-40.927711
1894.921875	-39.786507
1937.988281	-40.021008
1981.054688	-38.659325
2024.121094	-36.159878
2067.187500	-34.699837
2110.253906	-35.929131
2153.320313	-36.380726
2196.386719	-34.149132
2239.453125	-34.117657
2282.519531	-35.358723
2325.585938	-35.319511
2368.652344	-35.231720
2411.718750	-36.819519
2454.785156	-38.208073
2497.851563	-39.438164
2540.917969	-38.423454
2583.984375	-37.425045
2627.050781	-36.756195
2670.117188	-37.450886
2713.183594	-38.265175
2756.250000	-38.164513
2799.316406	-38.524265
2842.382813	-40.032722
2885.449219	-40.325916
2928.515625	-39.285320
2971.582031	-39.817001
3014.648438	-40.188927
3057.714844	-39.499695
3100.781250	-39.423279
3143.847656	-39.133038
3186.914063	-40.132637
3229.980469	-41.434273
3273.046875	-41.078209
3316.113281	-39.807846
3359.179688	-40.523296
3402.246094	-40.885475
3445.312500	-41.876339
3488.378906	-43.704834
3531.445313	-44.101604
3574.511719	-44.481083
3617.578125	-44.056763
3660.644531	-42.757366
3703.710938	-41.224445
3746.777344	-41.597988
3789.843750	-42.562771
3832.910156	-43.266499
3875.976563	-43.735287
3919.042969	-42.622124
3962.109375	-42.596630
4005.175781	-43.324898
4048.242188	-42.254292
4091.308594	-41.218060
4134.375000	-39.272568
4177.441406	-38.452862
4220.507813	-37.158207
4263.574219	-36.776192
4306.640625	-36.997429
4349.707031	-37.166981
4392.773438	-38.808674
4435.839844	-40.197796
4478.906250	-39.053772
4521.972656	-39.611679
4565.039063	-41.396778
4608.105469	-42.250874
4651.171875	-41.882858
4694.238281	-43.128849
4737.304688	-41.956142
4780.371094	-40.393135
4823.437500	-40.507416
4866.503906	-42.015625
4909.570313	-44.340405
4952.636719	-44.966686
4995.703125	-45.293415
5038.769531	-45.095135
5081.835938	-45.209209
5124.902344	-44.402534
5167.968750	-42.399761
5211.035156	-42.445305
5254.101563	-43.450409
5297.167969	-44.192799
5340.234375	-43.165924
5383.300781	-43.169182
5426.367188	-41.785801
5469.433594	-40.039993
5512.500000	-40.668720
5555.566406	-39.098953
5598.632813	-37.765919
5641.699219	-35.627232
5684.765625	-34.501835
5727.832031	-34.730499
5770.898438	-37.189991
5813.964844	-37.938774
5857.031250	-37.912510
5900.097656	-38.445839
5943.164063	-37.784672
5986.230469	-35.894436
6029.296875	-35.886307
6072.363281	-36.811920
6115.429688	-37.058331
6158.496094	-37.125660
6201.562500	-40.060917
6244.628906	-40.731728
6287.695313	-41.924622
6330.761719	-43.705177
6373.828125	-42.413223
6416.894531	-42.515228
6459.960938	-41.560329
6503.027344	-39.264736
6546.093750	-38.878220
6589.160156	-39.330654
6632.226563	-42.923573
6675.292969	-43.240845
6718.359375	-44.034580
6761.425781	-43.097363
6804.492188	-40.890175
6847.558594	-40.469032
6890.625000	-41.294193
6933.691406	-42.300358
6976.757813	-41.693497
7019.824219	-43.674377
7062.890625	-45.262058
7105.957031	-45.768410
7149.023438	-47.150238
7192.089844	-46.335793
7235.156250	-43.855717
7278.222656	-44.078964
7321.289063	-43.635441
7364.355469	-43.108101
7407.421875	-43.378384
7450.488281	-44.413616
7493.554688	-44.410175
7536.621094	-44.026222
7579.687500	-44.099957
7622.753906	-42.592094
7665.820313	-42.122219
7708.886719	-44.146675
7751.953125	-43.710117
7795.019531	-41.832993
7838.085938	-41.483189
7881.152344	-42.780792
7924.218750	-42.557087
7967.285156	-44.291359
8010.351563	-44.230080
8053.417969	-43.214066
8096.484375	-42.488445
8139.550781	-41.427334
8182.617188	-42.137333
8225.683594	-44.186859
8268.750000	-44.592876
8311.816406	-43.825626
8354.882813	-42.298603
8397.949219	-43.234787
8441.015625	-44.324467
8484.082031	-44.610165
8527.148438	-43.588783
8570.214844	-43.688202
8613.281250	-44.067829
8656.347656	-44.790871
8699.414063	-45.462013
8742.480469	-45.409481
8785.546875	-44.787987
8828.613281	-45.085659
8871.679688	-44.569771
8914.746094	-44.862980
8957.812500	-45.028130
9000.878906	-45.476471
9043.945313	-44.903805
9087.011719	-43.456577
9130.078125	-44.565121
9173.144531	-46.779331
9216.210938	-45.718510
9259.277344	-44.462597
9302.343750	-45.386265
9345.410156	-45.201653
9388.476563	-44.602108
9431.542969	-44.660713
9474.609375	-47.147869
9517.675781	-47.277134
9560.742188	-46.989906
9603.808594	-46.919838
9646.875000	-46.487259
9689.941406	-45.730019
9733.007813	-45.120289
9776.074219	-45.876709
9819.140625	-46.712814
9862.207031	-46.772041
9905.273438	-46.993473
9948.339844	-47.116863
9991.406250	-44.873077
10034.472656	-43.043198
10077.539063	-43.829342
10120.605469	-45.011044
10163.671875	-44.608067
10206.738281	-41.133347
10249.804688	-42.565002
10292.871094	-44.824169
10335.937500	-44.775909
10379.003906	-42.246788
10422.070313	-44.108799
10465.136719	-47.462208
10508.203125	-47.281631
10551.269531	-49.111576
10594.335938	-47.076534
10637.402344	-46.212475
10680.468750	-45.206917
10723.535156	-45.094971
10766.601563	-47.848328
10809.667969	-46.752262
10852.734375	-45.589169
10895.800781	-44.014999
10938.867188	-44.039783
10981.933594	-44.426517
11025.000000	-44.964329
11068.066406	-45.937042
11111.132813	-46.456261
11154.199219	-45.826572
11197.265625	-45.607063
11240.332031	-48.773308
11283.398438	-45.962074
11326.464844	-49.618252
11369.531250	-50.038849
11412.597656	-48.144810
11455.664063	-47.902702
11498.730469	-50.083206
11541.796875	-49.655403
11584.863281	-49.004738
11627.929688	-49.833710
11670.996094	-52.262955
11714.062500	-52.253906
11757.128906	-49.517616
11800.195313	-47.939224
11843.261719	-48.425365
11886.328125	-47.972679
11929.394531	-48.340561
11972.460938	-48.104946
12015.527344	-50.189949
12058.593750	-50.580666
12101.660156	-48.818157
12144.726563	-49.907040
12187.792969	-48.767078
12230.859375	-49.007442
12273.925781	-47.675842
12316.992188	-47.705662
12360.058594	-48.029640
12403.125000	-48.516300
12446.191406	-49.334137
12489.257813	-48.430744
12532.324219	-47.620537
12575.390625	-46.869915
12618.457031	-46.949287
12661.523438	-48.797470
12704.589844	-51.833607
12747.656250	-50.698917
12790.722656	-52.268303
12833.789063	-53.508522
12876.855469	-50.027561
12919.921875	-48.863907
12962.988281	-50.035473
13006.054688	-51.235825
13049.121094	-52.279308
13092.187500	-53.808712
13135.253906	-52.253681
13178.320313	-50.930717
13221.386719	-51.207146
13264.453125	-50.965881
13307.519531	-50.953548
13350.585938	-52.810898
13393.652344	-53.627594
13436.718750	-52.537701
13479.785156	-50.977146
13522.851563	-52.248848
13565.917969	-53.210552
13608.984375	-52.739910
13652.050781	-51.951904
13695.117188	-51.972237
13738.183594	-50.817284
13781.250000	-51.123970
13824.316406	-52.272514
13867.382813	-52.117661
13910.449219	-53.532505
13953.515625	-54.547424
13996.582031	-53.911278
14039.648438	-54.260071
14082.714844	-52.969864
14125.781250	-53.564018
14168.847656	-54.083199
14211.914063	-53.804951
14254.980469	-53.078098
14298.046875	-52.710243
14341.113281	-53.452179
14384.179688	-54.048382
14427.246094	-54.262730
14470.312500	-54.602402
14513.378906	-53.595501
14556.445313	-53.245426
14599.511719	-54.605038
14642.578125	-53.524414
14685.644531	-53.107414
14728.710938	-55.020134
14771.777344	-55.827721
14814.843750	-57.262871
14857.910156	-58.238728
14900.976563	-58.818607
14944.042969	-58.651974
14987.109375	-60.909374
15030.175781	-70.213974
15073.242188	-81.071037
15116.308594	-84.193954
15159.375000	-87.437759
15202.441406	-90.467705
15245.507813	-90.552399
15288.574219	-90.301109
15331.640625	-90.126442
15374.707031	-90.007126
15417.773438	-90.064224
15460.839844	-90.699348
15503.906250	-91.593239
15546.972656	-92.656311
15590.039063	-93.455864
15633.105469	-94.061043
15676.171875	-94.511070
15719.238281	-95.226715
15762.304688	-95.709106
15805.371094	-95.908356
15848.437500	-96.118958
15891.503906	-96.485405
15934.570313	-96.624687
15977.636719	-96.925644
16020.703125	-97.573509
16063.769531	-98.721184
16106.835938	-100.259979
16149.902344	-101.073738
16192.968750	-100.490936
16236.035156	-99.846680
16279.101563	-99.931892
16322.167969	-100.746292
16365.234375	-102.048759
16408.300781	-103.256050
16451.367188	-103.968307
16494.433594	-104.796707
16537.500000	-106.223190
16580.566406	-109.140747
16623.632813	-113.020287
16666.699219	-116.473167
16709.765625	-118.147156
16752.832031	-117.794395
16795.898438	-117.667313
16838.964844	-117.908333
16882.031250	-118.730179
16925.097656	-118.414352
16968.164063	-118.426369
17011.230469	-118.621605
17054.296875	-118.851921
17097.363281	-118.415710
17140.429688	-117.909721
17183.496094	-118.249847
17226.562500	-118.831657
17269.628906	-119.023346
17312.695313	-118.700378
17355.761719	-118.413437
17398.828125	-119.015671
17441.894531	-118.828064
17484.960938	-118.176338
17528.027344	-118.470787
17571.093750	-118.794800
17614.160156	-118.573410
17657.226563	-118.529808
17700.292969	-118.805473
17743.359375	-118.850121
17786.425781	-118.738083
17829.492188	-118.955399
17872.558594	-119.199043
17915.625000	-119.083427
17958.691406	-118.804665
18001.757813	-118.942070
18044.824219	-119.142349
18087.890625	-119.233238
18130.957031	-118.647537
18174.023438	-118.649971
18217.089844	-118.907738
18260.156250	-119.114799
18303.222656	-118.955635
18346.289063	-118.586754
18389.355469	-118.977554
18432.421875	-119.429710
18475.488281	-118.965141
18518.554688	-118.967651
18561.621094	-119.237625
18604.687500	-118.988457
18647.753906	-118.956673
18690.820313	-119.080833
18733.886719	-119.060455
18776.953125	-118.789246
18820.019531	-119.079605
18863.085938	-119.057869
18906.152344	-118.674133
18949.218750	-118.980431
18992.285156	-119.381714
19035.351563	-119.415443
19078.417969	-119.217735
19121.484375	-119.093994
19164.550781	-119.123383
19207.617188	-118.872421
19250.683594	-119.014221
19293.750000	-119.321846
19336.816406	-119.379089
19379.882813	-119.501633
19422.949219	-119.202171
19466.015625	-119.524254
19509.082031	-119.330673
19552.148438	-119.139900
19595.214844	-118.983261
19638.281250	-119.005501
19681.347656	-119.285187
19724.414063	-119.233299
19767.480469	-119.246933
19810.546875	-119.079117
19853.613281	-119.091370
19896.679688	-119.407356
19939.746094	-119.583549
19982.812500	-119.134605
20025.878906	-119.077484
20068.945313	-119.152679
20112.011719	-119.049164
20155.078125	-119.102371
20198.144531	-119.065674
20241.210938	-118.766945
20284.277344	-119.048241
20327.343750	-119.526466
20370.410156	-119.149223
20413.476563	-118.899513
20456.542969	-118.819214
20499.609375	-119.494736
20542.675781	-119.482155
20585.742188	-118.989891
20628.808594	-119.057724
20671.875000	-119.125595
20714.941406	-119.058662
20758.007813	-119.036652
20801.074219	-118.887047
20844.140625	-119.104485
20887.207031	-119.234589
20930.273438	-119.073380
20973.339844	-118.801346
21016.406250	-119.056473
21059.472656	-119.114891
21102.539063	-119.306206
21145.605469	-119.172264
21188.671875	-119.320648
21231.738281	-119.263199
21274.804688	-119.585892
21317.871094	-119.554535
21360.937500	-118.999687
21404.003906	-119.080002
21447.070313	-119.379204
21490.136719	-119.070831
21533.203125	-118.837791
21576.269531	-119.140663
21619.335938	-119.393219
21662.402344	-119.445663
21705.468750	-119.453957
21748.535156	-119.280609
21791.601563	-119.136101
21834.667969	-119.236076
21877.734375	-119.058327
21920.800781	-119.435623
21963.867188	-119.069862
22006.933594	-119.117088
