주파수 (Hz)	레벨 (dB)
43.066406	-24.359812
86.132813	-36.577930
129.199219	-30.173054
172.265625	-23.810379
215.332031	-19.471127
258.398438	-15.870286
301.464844	-14.328121
344.531250	-18.188200
387.597656	-21.413071
430.664063	-26.481731
473.730469	-29.820833
516.796875	-29.982906
559.863281	-31.126324
602.929688	-32.956966
645.996094	-33.473179
689.062500	-33.743973
732.128906	-32.425102
775.195313	-31.743446
818.261719	-33.802872
861.328125	-34.114197
904.394531	-32.888115
947.460938	-31.087009
990.527344	-32.636787
1033.593750	-37.282547
1076.660156	-38.646011
1119.726563	-38.632034
1162.792969	-35.828709
1205.859375	-33.093861
1248.925781	-37.107391
1291.992188	-41.090599
1335.058594	-42.285583
1378.125000	-41.159863
1421.191406	-40.150162
1464.257813	-39.087448
1507.324219	-39.930176
1550.390625	-40.406136
1593.457031	-41.245098
1636.523438	-42.118580
1679.589844	-40.017944
1722.656250	-41.330734
1765.722656	-44.236439
1808.789063	-44.372719
1851.855469	-44.031799
1894.921875	-42.282051
1937.988281	-41.299828
1981.054688	-43.337589
2024.121094	-42.358349
2067.187500	-40.629993
2110.253906	-41.778145
2153.320313	-39.886299
2196.386719	-39.520218
2239.453125	-41.747990
2282.519531	-41.739647
2325.585938	-38.737434
2368.652344	-39.479607
2411.718750	-40.315979
2454.785156	-40.891571
2497.851563	-42.415443
2540.917969	-42.405079
2583.984375	-44.300442
2627.050781	-43.628712
2670.117188	-42.857212
2713.183594	-43.980030
2756.250000	-46.211269
2799.316406	-47.858688
2842.382813	-47.663784
2885.449219	-46.997009
2928.515625	-46.455509
2971.582031	-46.464714
3014.648438	-46.441402
3057.714844	-44.733788
3100.781250	-42.036179
3143.847656	-42.820473
3186.914063	-45.789280
3229.980469	-48.096455
3273.046875	-48.404427
3316.113281	-47.150002
3359.179688	-47.413403
3402.246094	-47.790428
3445.312500	-48.944729
3488.378906	-51.185863
3531.445313	-52.127182
3574.511719	-51.610199
3617.578125	-52.434933
3660.644531	-52.816753
3703.710938	-52.622776
3746.777344	-53.879349
3789.843750	-53.051682
3832.910156	-51.734921
3875.976563	-51.683170
3919.042969	-52.806141
3962.109375	-52.106068
4005.175781	-52.066444
4048.242188	-53.394524
4091.308594	-53.188831
4134.375000	-51.521629
4177.441406	-49.719677
4220.507813	-48.427097
4263.574219	-47.024441
4306.640625	-46.590984
4349.707031	-47.096031
4392.773438	-46.280396
4435.839844	-48.020008
4478.906250	-49.157261
4521.972656	-50.295738
4565.039063	-49.184490
4608.105469	-49.752949
4651.171875	-49.538631
4694.238281	-49.156300
4737.304688	-49.297016
4780.371094	-50.023468
4823.437500	-49.583786
4866.503906	-48.661182
4909.570313	-48.626591
4952.636719	-48.439083
4995.703125	-46.820240
5038.769531	-45.931934
5081.835938	-47.428230
5124.902344	-49.417450
5167.968750	-49.842903
5211.035156	-48.444290
5254.101563	-49.075062
5297.167969	-47.626629
5340.234375	-46.641968
5383.300781	-47.515465
5426.367188	-49.382553
5469.433594	-49.216022
5512.500000	-48.678535
5555.566406	-48.751335
5598.632813	-48.994160
5641.699219	-47.580761
5684.765625	-44.729832
5727.832031	-43.012669
5770.898438	-43.862194
5813.964844	-45.355522
5857.031250	-45.440231
5900.097656	-45.242062
5943.164063	-45.780445
5986.230469	-43.593468
6029.296875	-43.784847
6072.363281	-44.328800
6115.429688	-44.350731
6158.496094	-44.987598
6201.562500	-44.990276
6244.628906	-45.400639
6287.695313	-44.858986
6330.761719	-43.023651
6373.828125	-41.902058
6416.894531	-41.959263
6459.960938	-42.426151
6503.027344	-41.283306
6546.093750	-40.631271
6589.160156	-42.053158
6632.226563	-44.070671
6675.292969	-43.954826
6718.359375	-44.273647
6761.425781	-43.626297
6804.492188	-43.339241
6847.558594	-44.170662
6890.625000	-45.905521
6933.691406	-46.411041
6976.757813	-46.555424
7019.824219	-46.795849
7062.890625	-46.021141
7105.957031	-46.091858
7149.023438	-45.351826
7192.089844	-44.378414
7235.156250	-43.701626
7278.222656	-43.237972
7321.289063	-43.876221
7364.355469	-43.839485
7407.421875	-43.349205
7450.488281	-41.980042
7493.554688	-41.030289
7536.621094	-40.835304
7579.687500	-40.275833
7622.753906	-39.540115
7665.820313	-40.279293
7708.886719	-41.500309
7751.953125	-40.790222
7795.019531	-38.549767
7838.085938	-38.356178
7881.152344	-38.480221
7924.218750	-39.278805
7967.285156	-38.942486
8010.351563	-37.278938
8053.417969	-36.562305
8096.484375	-37.069237
8139.550781	-38.222343
8182.617188	-39.513580
8225.683594	-39.493095
8268.750000	-38.327888
8311.816406	-37.883682
8354.882813	-37.567802
8397.949219	-37.650093
8441.015625	-36.571991
8484.082031	-36.197620
8527.148438	-37.683270
8570.214844	-37.786751
8613.281250	-38.320835
8656.347656	-39.331123
8699.414063	-39.054928
8742.480469	-38.173706
8785.546875	-37.556816
8828.613281	-36.667900
8871.679688	-37.635986
8914.746094	-36.907055
8957.812500	-35.505833
9000.878906	-34.998829
9043.945313	-36.252739
9087.011719	-36.209816
9130.078125	-35.586983
9173.144531	-36.566948
9216.210938	-35.773594
9259.277344	-35.917671
9302.343750	-35.191975
9345.410156	-36.386276
9388.476563	-36.461525
9431.542969	-37.465157
9474.609375	-38.915905
9517.675781	-39.836369
9560.742188	-41.482929
9603.808594	-41.032478
9646.875000	-40.541477
9689.941406	-38.845428
9733.007813	-38.799297
9776.074219	-39.502506
9819.140625	-38.973270
9862.207031	-39.160252
9905.273438	-37.209114
9948.339844	-37.421494
9991.406250	-38.727112
10034.472656	-38.426510
10077.539063	-35.973000
10120.605469	-35.353161
10163.671875	-37.599972
10206.738281	-40.079784
10249.804688	-41.377926
10292.871094	-39.644371
10335.937500	-39.404041
10379.003906	-40.392780
10422.070313	-40.329613
10465.136719	-39.209866
10508.203125	-38.680485
10551.269531	-39.903622
10594.335938	-42.286770
10637.402344	-43.195629
10680.468750	-43.544052
10723.535156	-43.813099
10766.601563	-42.535297
10809.667969	-41.940220
10852.734375	-41.597721
10895.800781	-41.467308
10938.867188	-43.137184
10981.933594	-43.812366
11025.000000	-43.121441
11068.066406	-42.992287
11111.132813	-42.613632
11154.199219	-41.553875
11197.265625	-40.896751
11240.332031	-41.283165
11283.398438	-41.688148
11326.464844	-41.390224
11369.531250	-43.432365
11412.597656	-43.326153
11455.664063	-44.062042
11498.730469	-44.692936
11541.796875	-44.376793
11584.863281	-42.436607
11627.929688	-42.873623
11670.996094	-43.989410
11714.062500	-44.462753
11757.128906	-45.118389
11800.195313	-47.288307
11843.261719	-47.815742
11886.328125	-44.965534
11929.394531	-45.587227
11972.460938	-46.719296
12015.527344	-44.379566
12058.593750	-44.158958
12101.660156	-46.879616
12144.726563	-47.665112
12187.792969	-47.076557
12230.859375	-48.193348
12273.925781	-49.319607
12316.992188	-48.561398
12360.058594	-45.757423
12403.125000	-45.081009
12446.191406	-45.490685
12489.257813	-47.559032
12532.324219	-45.565826
12575.390625	-44.162342
12618.457031	-43.333454
12661.523438	-45.455643
12704.589844	-47.162678
12747.656250	-46.958054
12790.722656	-48.342117
12833.789063	-49.965031
12876.855469	-48.550926
12919.921875	-47.724899
12962.988281	-46.706287
13006.054688	-45.637131
13049.121094	-46.905762
13092.187500	-49.271275
13135.253906	-49.669533
13178.320313	-48.007362
13221.386719	-47.577110
13264.453125	-48.797241
13307.519531	-48.961296
13350.585938	-48.077995
13393.652344	-49.517879
13436.718750	-48.162189
13479.785156	-48.355751
13522.851563	-49.204990
13565.917969	-48.203014
13608.984375	-49.213326
13652.050781	-48.762184
13695.117188	-49.724380
13738.183594	-50.800159
13781.250000	-50.474449
13824.316406	-50.325710
13867.382813	-49.877388
13910.449219	-50.464462
13953.515625	-50.826027
13996.582031	-51.344307
14039.648438	-52.797035
14082.714844	-54.027885
14125.781250	-52.831028
14168.847656	-53.022446
14211.914063	-52.955879
14254.980469	-53.073605
14298.046875	-52.572174
14341.113281	-52.999554
14384.179688	-54.231712
14427.246094	-55.032127
14470.312500	-52.955700
14513.378906	-53.921211
14556.445313	-54.388142
14599.511719	-52.972427
14642.578125	-54.133331
14685.644531	-54.603306
14728.710938	-53.525497
14771.777344	-54.105831
14814.843750	-54.015793
14857.910156	-55.048569
14900.976563	-55.664715
14944.042969	-54.276550
14987.109375	-56.002956
15030.175781	-63.130978
15073.242188	-71.528778
15116.308594	-77.671165
15159.375000	-84.226387
15202.441406	-87.140419
15245.507813	-91.882774
15288.574219	-91.856918
15331.640625	-91.812141
15374.707031	-93.876526
15417.773438	-93.180779
15460.839844	-93.365875
15503.906250	-94.609245
15546.972656	-95.330093
15590.039063	-98.078423
15633.105469	-97.483467
15676.171875	-96.756607
15719.238281	-94.730721
15762.304688	-93.761780
15805.371094	-94.200615
15848.437500	-94.418137
15891.503906	-94.414467
15934.570313	-94.688446
15977.636719	-94.685432
16020.703125	-96.466934
16063.769531	-99.216881
16106.835938	-100.628349
16149.902344	-103.374939
16192.968750	-104.302734
16236.035156	-103.040581
16279.101563	-101.045212
16322.167969	-99.828499
16365.234375	-99.987167
16408.300781	-99.020378
16451.367188	-98.511696
16494.433594	-99.802528
16537.500000	-101.459167
16580.566406	-104.419144
16623.632813	-106.976074
16666.699219	-110.017982
16709.765625	-116.168663
16752.832031	-116.825302
16795.898438	-116.352440
16838.964844	-117.306854
16882.031250	-119.157486
16925.097656	-118.570290
16968.164063	-116.541496
17011.230469	-116.856812
17054.296875	-118.991188
17097.363281	-117.518654
17140.429688	-116.503654
17183.496094	-118.099426
17226.562500	-119.556190
17269.628906	-119.216034
17312.695313	-117.298584
17355.761719	-117.434456
17398.828125	-119.284996
17441.894531	-117.336075
17484.960938	-116.067574
17528.027344	-118.149918
17571.093750	-119.833069
17614.160156	-119.412506
17657.226563	-117.750229
17700.292969	-118.153793
17743.359375	-119.150726
17786.425781	-117.782097
17829.492188	-117.266052
17872.558594	-118.389580
17915.625000	-119.299469
17958.691406	-119.245911
18001.757813	-118.381813
18044.824219	-118.375534
18087.890625	-118.908699
18130.957031	-118.357651
18174.023438	-117.669739
18217.089844	-118.942444
18260.156250	-120.175980
18303.222656	-119.306206
18346.289063	-117.886948
18389.355469	-118.539970
18432.421875	-119.322975
18475.488281	-118.260109
18518.554688	-117.927483
18561.621094	-119.017433
18604.687500	-120.113014
18647.753906	-119.559196
18690.820313	-118.772064
18733.886719	-118.773750
18776.953125	-119.608940
18820.019531	-118.661697
18863.085938	-117.602745
18906.152344	-118.673897
18949.218750	-120.161148
18992.285156	-119.409477
19035.351563	-118.963509
19078.417969	-119.330696
19121.484375	-119.498421
19164.550781	-118.758743
19207.617188	-118.414177
19250.683594	-119.545609
19293.750000	-119.883881
19336.816406	-119.609360
19379.882813	-118.817001
19422.949219	-118.618881
19466.015625	-119.472183
19509.082031	-119.306458
19552.148438	-118.586746
19595.214844	-119.636528
19638.281250	-120.578377
19681.347656	-120.206863
19724.414063	-118.838669
19767.480469	-118.951218
19810.546875	-119.938950
19853.613281	-119.089203
19896.679688	-118.702675
19939.746094	-119.352684
19982.812500	-119.979164
20025.878906	-119.344093
20068.945313	-118.783195
20112.011719	-118.991203
20155.078125	-119.770493
20198.144531	-119.128151
20241.210938	-118.274193
20284.277344	-119.025688
20327.343750	-119.485947
20370.410156	-119.270714
20413.476563	-118.876732
20456.542969	-119.217377
20499.609375	-120.083679
20542.675781	-119.089340
20585.742188	-118.564545
20628.808594	-119.732254
20671.875000	-120.012939
20714.941406	-119.680069
20758.007813	-118.815292
20801.074219	-118.571114
20844.140625	-119.540367
20887.207031	-119.695503
20930.273438	-119.243141
20973.339844	-119.726746
21016.406250	-120.328758
21059.472656	-120.350983
21102.539063	-119.545044
21145.605469	-119.450455
21188.671875	-119.588501
21231.738281	-119.558167
21274.804688	-119.401207
21317.871094	-119.700302
21360.937500	-119.923370
21404.003906	-119.478233
21447.070313	-119.187897
21490.136719	-119.495735
21533.203125	-119.934349
21576.269531	-119.874710
21619.335938	-118.797989
21662.402344	-119.619812
21705.468750	-120.306915
21748.535156	-119.162498
21791.601563	-118.697998
21834.667969	-119.446198
21877.734375	-119.537529
21920.800781	-119.157318
21963.867188	-118.938660
22006.933594	-119.749306
