주파수 (Hz)	레벨 (dB)
43.066406	-39.146645
86.132813	-40.260056
129.199219	-30.614059
172.265625	-25.207670
215.332031	-18.933878
258.398438	-14.012831
301.464844	-16.387365
344.531250	-18.502737
387.597656	-21.040575
430.664063	-24.982956
473.730469	-24.551153
516.796875	-25.649506
559.863281	-30.284584
602.929688	-31.349703
645.996094	-28.385004
689.062500	-24.561264
732.128906	-25.523829
775.195313	-30.273407
818.261719	-29.851490
861.328125	-29.028709
904.394531	-27.428429
947.460938	-25.734806
990.527344	-27.592833
1033.593750	-31.132868
1076.660156	-33.419788
1119.726563	-34.331821
1162.792969	-33.460289
1205.859375	-35.095966
1248.925781	-40.145554
1291.992188	-41.556747
1335.058594	-42.371964
1378.125000	-39.434578
1421.191406	-38.435329
1464.257813	-40.056049
1507.324219	-40.869480
1550.390625	-39.901066
1593.457031	-40.742138
1636.523438	-41.930534
1679.589844	-42.586624
1722.656250	-41.541954
1765.722656	-42.839115
1808.789063	-42.963005
1851.855469	-40.417133
1894.921875	-42.061401
1937.988281	-46.058186
1981.054688	-46.164284
2024.121094	-44.351044
2067.187500	-40.841537
2110.253906	-40.126850
2153.320313	-43.074692
2196.386719	-42.270943
2239.453125	-41.132751
2282.519531	-40.750362
2325.585938	-39.629059
2368.652344	-39.186855
2411.718750	-39.688362
2454.785156	-38.391651
2497.851563	-39.753242
2540.917969	-42.046192
2583.984375	-41.336578
2627.050781	-42.156487
2670.117188	-38.711559
2713.183594	-39.648117
2756.250000	-37.893333
2799.316406	-35.986858
2842.382813	-40.693844
2885.449219	-43.965836
2928.515625	-45.136501
2971.582031	-44.712994
3014.648438	-42.734386
3057.714844	-42.297352
3100.781250	-41.260643
3143.847656	-38.713287
3186.914063	-38.713676
3229.980469	-38.693550
3273.046875	-41.193775
3316.113281	-42.632298
3359.179688	-44.351109
3402.246094	-44.907116
3445.312500	-44.958771
3488.378906	-44.834805
3531.445313	-45.426964
3574.511719	-45.881626
3617.578125	-43.693100
3660.644531	-45.269794
3703.710938	-45.607071
3746.777344	-45.967430
3789.843750	-46.792114
3832.910156	-45.297024
3875.976563	-45.230427
3919.042969	-45.909569
3962.109375	-47.827065
4005.175781	-46.216743
4048.242188	-44.462708
4091.308594	-46.291801
4134.375000	-45.359901
4177.441406	-43.542648
4220.507813	-43.727924
4263.574219	-43.638592
4306.640625	-44.131878
4349.707031	-42.225857
4392.773438	-41.675583
4435.839844	-43.546368
4478.906250	-43.395351
4521.972656	-41.045559
4565.039063	-42.623714
4608.105469	-45.079185
4651.171875	-47.841930
4694.238281	-48.118542
4737.304688	-46.920353
4780.371094	-45.576340
4823.437500	-44.167068
4866.503906	-44.009773
4909.570313	-44.571480
4952.636719	-43.697548
4995.703125	-44.491436
5038.769531	-46.174759
5081.835938	-46.993477
5124.902344	-49.382156
5167.968750	-48.974056
5211.035156	-48.382572
5254.101563	-48.075333
5297.167969	-48.928318
5340.234375	-49.529453
5383.300781	-49.391289
5426.367188	-49.160004
5469.433594	-50.337139
5512.500000	-50.385189
5555.566406	-50.879780
5598.632813	-49.499096
5641.699219	-46.842884
5684.765625	-46.321629
5727.832031	-46.106236
5770.898438	-46.905281
5813.964844	-45.218296
5857.031250	-43.255173
5900.097656	-44.053200
5943.164063	-44.445652
5986.230469	-43.387943
6029.296875	-44.104282
6072.363281	-45.577633
6115.429688	-46.280361
6158.496094	-46.421886
6201.562500	-45.279144
6244.628906	-42.746262
6287.695313	-41.937504
6330.761719	-41.818306
6373.828125	-40.100071
6416.894531	-39.374271
6459.960938	-40.831482
6503.027344	-41.430546
6546.093750	-42.262291
6589.160156	-42.161552
6632.226563	-41.094753
6675.292969	-38.677151
6718.359375	-40.127190
6761.425781	-42.291981
6804.492188	-41.962315
6847.558594	-42.256905
6890.625000	-42.857956
6933.691406	-42.810268
6976.757813	-40.547035
7019.824219	-39.672550
7062.890625	-42.490524
7105.957031	-41.618805
7149.023438	-40.969418
7192.089844	-41.331882
7235.156250	-40.294724
7278.222656	-40.040344
7321.289063	-41.317162
7364.355469	-40.866661
7407.421875	-40.713673
7450.488281	-39.896202
7493.554688	-38.501942
7536.621094	-38.664986
7579.687500	-38.425308
7622.753906	-37.455891
7665.820313	-37.446632
7708.886719	-39.426025
7751.953125	-39.541916
7795.019531	-38.611748
7838.085938	-38.781464
7881.152344	-39.998249
7924.218750	-40.505863
7967.285156	-39.075478
8010.351563	-38.365070
8053.417969	-38.348301
8096.484375	-38.092800
8139.550781	-38.589153
8182.617188	-39.160641
8225.683594	-40.777340
8268.750000	-39.701710
8311.816406	-37.445454
8354.882813	-37.700699
8397.949219	-37.251080
8441.015625	-37.908092
8484.082031	-38.242706
8527.148438	-38.124607
8570.214844	-39.394848
8613.281250	-38.620358
8656.347656	-37.907684
8699.414063	-38.074085
8742.480469	-37.487083
8785.546875	-36.893002
8828.613281	-38.585915
8871.679688	-38.515491
8914.746094	-35.771870
8957.812500	-36.169014
9000.878906	-37.018398
9043.945313	-35.974640
9087.011719	-35.921352
9130.078125	-35.515102
9173.144531	-36.332443
9216.210938	-38.466248
9259.277344	-40.292984
9302.343750	-40.104702
9345.410156	-39.549217
9388.476563	-37.733326
9431.542969	-37.688709
9474.609375	-38.001183
9517.675781	-38.784428
9560.742188	-39.340488
9603.808594	-38.072647
9646.875000	-37.454128
9689.941406	-38.952747
9733.007813	-39.311325
9776.074219	-40.957554
9819.140625	-40.611557
9862.207031	-41.528980
9905.273438	-42.924103
9948.339844	-42.725769
9991.406250	-41.453419
10034.472656	-39.530708
10077.539063	-41.312000
10120.605469	-41.653942
10163.671875	-41.193851
10206.738281	-40.378384
10249.804688	-39.242626
10292.871094	-40.071026
10335.937500	-40.055946
10379.003906	-38.913639
10422.070313	-40.080135
10465.136719	-40.702618
10508.203125	-38.540947
10551.269531	-39.330837
10594.335938	-41.089622
10637.402344	-40.816078
10680.468750	-40.924381
10723.535156	-41.444828
10766.601563	-41.490704
10809.667969	-43.144245
10852.734375	-43.059898
10895.800781	-41.647331
10938.867188	-42.366577
10981.933594	-45.076328
11025.000000	-45.105610
11068.066406	-45.120541
11111.132813	-45.326408
11154.199219	-46.089325
11197.265625	-48.047817
11240.332031	-46.169411
11283.398438	-48.427574
11326.464844	-47.843319
11369.531250	-48.002911
11412.597656	-48.470642
11455.664063	-47.056263
11498.730469	-47.765575
11541.796875	-48.824242
11584.863281	-48.885082
11627.929688	-52.019073
11670.996094	-49.181221
11714.062500	-49.421169
11757.128906	-49.568108
11800.195313	-47.851593
11843.261719	-47.740658
11886.328125	-49.171158
11929.394531	-49.333130
11972.460938	-49.175003
12015.527344	-49.228020
12058.593750	-48.946068
12101.660156	-48.651470
12144.726563	-49.102612
12187.792969	-50.151745
12230.859375	-49.843403
12273.925781	-48.747540
12316.992188	-48.189640
12360.058594	-49.178310
12403.125000	-49.386517
12446.191406	-47.041782
12489.257813	-46.716213
12532.324219	-48.084080
12575.390625	-48.564823
12618.457031	-50.042984
12661.523438	-50.778214
12704.589844	-50.321125
12747.656250	-52.367786
12790.722656	-53.797031
12833.789063	-52.466106
12876.855469	-52.866776
12919.921875	-53.178345
12962.988281	-53.083275
13006.054688	-52.787144
13049.121094	-52.710331
13092.187500	-53.090473
13135.253906	-50.773106
13178.320313	-49.629299
13221.386719	-50.508560
13264.453125	-51.316051
13307.519531	-51.372902
13350.585938	-51.584564
13393.652344	-52.414772
13436.718750	-53.154236
13479.785156	-52.311779
13522.851563	-52.398506
13565.917969	-52.703880
13608.984375	-52.216156
13652.050781	-52.643230
13695.117188	-51.089378
13738.183594	-50.808605
13781.250000	-52.689709
13824.316406	-53.065536
13867.382813	-52.953590
13910.449219	-53.066246
13953.515625	-54.318439
13996.582031	-55.425812
14039.648438	-52.926094
14082.714844	-52.134220
14125.781250	-53.484356
14168.847656	-53.891506
14211.914063	-54.510738
14254.980469	-55.278267
14298.046875	-54.291176
14341.113281	-53.250706
14384.179688	-54.020706
14427.246094	-54.817280
14470.312500	-54.041565
14513.378906	-52.206329
14556.445313	-52.820293
14599.511719	-54.635239
14642.578125	-53.340607
14685.644531	-55.556988
14728.710938	-54.789410
14771.777344	-53.618160
14814.843750	-52.928108
14857.910156	-53.350510
14900.976563	-55.724548
14944.042969	-55.918282
14987.109375	-57.380718
15030.175781	-64.907173
15073.242188	-76.370789
15116.308594	-77.936363
15159.375000	-81.069092
15202.441406	-87.027313
15245.507813	-91.282623
15288.574219	-94.419914
15331.640625	-98.520340
15374.707031	-97.247299
15417.773438	-98.253922
15460.839844	-99.304207
15503.906250	-99.184944
15546.972656	-99.026802
15590.039063	-99.135361
15633.105469	-99.947388
15676.171875	-100.166527
15719.238281	-98.950958
15762.304688	-98.836548
15805.371094	-98.801422
15848.437500	-99.108360
15891.503906	-99.694962
15934.570313	-100.759628
15977.636719	-102.227425
16020.703125	-103.490448
16063.769531	-104.017830
16106.835938	-103.968452
16149.902344	-104.515335
16192.968750	-104.792572
16236.035156	-105.225296
16279.101563	-106.528427
16322.167969	-109.459297
16365.234375	-111.478760
16408.300781	-110.352531
16451.367188	-108.910042
16494.433594	-108.697510
16537.500000	-109.475594
16580.566406	-110.690956
16623.632813	-112.812897
16666.699219	-116.949593
16709.765625	-118.787544
16752.832031	-116.803734
16795.898438	-115.954834
16838.964844	-117.267685
16882.031250	-118.040726
16925.097656	-116.549545
16968.164063	-115.992538
17011.230469	-117.710709
17054.296875	-118.865303
17097.363281	-118.143860
17140.429688	-117.160812
17183.496094	-117.279724
17226.562500	-117.639900
17269.628906	-116.871490
17312.695313	-116.514778
17355.761719	-118.229973
17398.828125	-119.088577
17441.894531	-118.012787
17484.960938	-117.337372
17528.027344	-117.916908
17571.093750	-118.017914
17614.160156	-117.476181
17657.226563	-117.744743
17700.292969	-119.262733
17743.359375	-118.787376
17786.425781	-118.145294
17829.492188	-118.300331
17872.558594	-118.582100
17915.625000	-119.209160
17958.691406	-118.139847
18001.757813	-118.009903
18044.824219	-119.345940
18087.890625	-119.329750
18130.957031	-118.796593
18174.023438	-118.361374
18217.089844	-118.449806
18260.156250	-118.632210
18303.222656	-118.211075
18346.289063	-118.706833
18389.355469	-119.546440
18432.421875	-119.719200
18475.488281	-118.931236
18518.554688	-117.973579
18561.621094	-117.899376
18604.687500	-118.561897
18647.753906	-118.444641
18690.820313	-117.908569
18733.886719	-118.813828
18776.953125	-119.430016
18820.019531	-119.010887
18863.085938	-118.296524
18906.152344	-118.500221
18949.218750	-118.701836
18992.285156	-118.872894
19035.351563	-118.686035
19078.417969	-118.625809
19121.484375	-118.870003
19164.550781	-119.409111
19207.617188	-118.786118
19250.683594	-118.316399
19293.750000	-118.953842
19336.816406	-118.883606
19379.882813	-118.683601
19422.949219	-119.055153
19466.015625	-119.197487
19509.082031	-118.766800
19552.148438	-118.507103
19595.214844	-118.567612
19638.281250	-118.969383
19681.347656	-118.724503
19724.414063	-118.435493
19767.480469	-118.639885
19810.546875	-119.222031
19853.613281	-119.026466
19896.679688	-118.365746
19939.746094	-117.984428
19982.812500	-118.714310
20025.878906	-118.662537
20068.945313	-119.061264
20112.011719	-119.081902
20155.078125	-119.194191
20198.144531	-119.096397
20241.210938	-118.833366
20284.277344	-119.029587
20327.343750	-119.389801
20370.410156	-119.250977
20413.476563	-119.530937
20456.542969	-119.215118
20499.609375	-119.115654
20542.675781	-118.848709
20585.742188	-118.589973
20628.808594	-118.604691
20671.875000	-119.232231
20714.941406	-119.132690
20758.007813	-119.333206
20801.074219	-119.322929
20844.140625	-118.870903
20887.207031	-118.881912
20930.273438	-119.047348
20973.339844	-118.742500
21016.406250	-118.968063
21059.472656	-118.794083
21102.539063	-119.004951
21145.605469	-119.405411
21188.671875	-119.053802
21231.738281	-118.814903
21274.804688	-119.126137
21317.871094	-119.620903
21360.937500	-119.045158
21404.003906	-118.137985
21447.070313	-118.272194
21490.136719	-119.132561
21533.203125	-118.969170
21576.269531	-119.048058
21619.335938	-118.723648
21662.402344	-119.102913
21705.468750	-119.501236
21748.535156	-119.215538
21791.601563	-118.924255
21834.667969	-119.068718
21877.734375	-119.314186
21920.800781	-119.206543
21963.867188	-118.788223
22006.933594	-119.108627
