주파수 (Hz)	레벨 (dB)
43.066406	-67.955551
86.132813	-68.070099
129.199219	-67.963806
172.265625	-68.417755
215.332031	-68.653816
258.398438	-68.888092
301.464844	-71.407074
344.531250	-70.730072
387.597656	-71.187798
430.664063	-73.410812
473.730469	-76.235619
516.796875	-74.042366
559.863281	-71.887321
602.929688	-72.870651
645.996094	-74.931015
689.062500	-70.948059
732.128906	-66.469994
775.195313	-66.135101
818.261719	-67.489632
861.328125	-67.599205
904.394531	-64.420723
947.460938	-56.673138
990.527344	-55.216362
1033.593750	-47.929882
1076.660156	-45.222149
1119.726563	-47.196442
1162.792969	-47.272781
1205.859375	-45.691231
1248.925781	-41.739311
1291.992188	-38.866711
1335.058594	-39.855442
1378.125000	-44.988152
1421.191406	-46.942654
1464.257813	-47.333611
1507.324219	-49.114178
1550.390625	-48.795776
1593.457031	-48.314716
1636.523438	-50.007290
1679.589844	-50.460758
1722.656250	-45.397194
1765.722656	-45.578266
1808.789063	-41.342911
1851.855469	-39.762985
1894.921875	-39.525475
1937.988281	-38.921730
1981.054688	-39.217911
2024.121094	-40.962204
2067.187500	-40.900410
2110.253906	-38.069019
2153.320313	-34.524330
2196.386719	-33.632114
2239.453125	-35.610085
2282.519531	-36.854237
2325.585938	-32.384678
2368.652344	-27.521822
2411.718750	-25.894073
2454.785156	-22.604753
2497.851563	-21.070564
2540.917969	-18.795654
2583.984375	-16.574266
2627.050781	-17.762108
2670.117188	-15.440529
2713.183594	-15.301612
2756.250000	-16.913059
2799.316406	-19.688644
2842.382813	-24.828825
2885.449219	-25.094007
2928.515625	-24.671137
2971.582031	-28.129974
3014.648438	-31.179655
3057.714844	-30.810091
3100.781250	-31.856867
3143.847656	-34.208672
3186.914063	-38.952221
3229.980469	-39.871445
3273.046875	-41.877251
3316.113281	-45.190769
3359.179688	-46.891636
3402.246094	-45.505409
3445.312500	-43.607094
3488.378906	-44.929806
3531.445313	-49.075344
3574.511719	-50.325249
3617.578125	-49.064720
3660.644531	-49.704258
3703.710938	-50.084068
3746.777344	-49.142784
3789.843750	-50.059616
3832.910156	-51.641739
3875.976563	-53.485638
3919.042969	-54.156277
3962.109375	-53.407383
4005.175781	-53.433079
4048.242188	-52.117031
4091.308594	-51.361847
4134.375000	-53.338806
4177.441406	-51.289238
4220.507813	-49.537418
4263.574219	-51.622890
4306.640625	-51.601479
4349.707031	-50.435669
4392.773438	-49.385696
4435.839844	-47.726154
4478.906250	-46.108696
4521.972656	-43.168808
4565.039063	-43.297741
4608.105469	-43.119732
4651.171875	-42.616009
4694.238281	-39.612240
4737.304688	-38.508362
4780.371094	-37.973072
4823.437500	-37.431297
4866.503906	-37.158005
4909.570313	-34.544262
4952.636719	-33.595615
4995.703125	-35.061852
5038.769531	-37.339108
5081.835938	-36.790508
5124.902344	-37.398125
5167.968750	-36.909485
5211.035156	-37.570457
5254.101563	-37.206547
5297.167969	-36.076389
5340.234375	-37.939026
5383.300781	-38.352127
5426.367188	-36.680233
5469.433594	-38.735317
5512.500000	-41.322937
5555.566406	-40.526043
5598.632813	-41.629513
5641.699219	-42.351379
5684.765625	-44.372551
5727.832031	-47.710991
5770.898438	-46.964600
5813.964844	-44.903652
5857.031250	-47.483829
5900.097656	-51.366470
5943.164063	-51.689392
5986.230469	-50.591099
6029.296875	-50.063240
6072.363281	-52.501301
6115.429688	-51.919693
6158.496094	-49.734612
6201.562500	-50.605312
6244.628906	-52.378574
6287.695313	-53.648590
6330.761719	-55.819965
6373.828125	-56.099026
6416.894531	-57.156296
6459.960938	-59.395145
6503.027344	-58.450882
6546.093750	-58.521690
6589.160156	-60.929668
6632.226563	-61.120377
6675.292969	-61.579945
6718.359375	-60.857994
6761.425781	-60.168579
6804.492188	-61.530609
6847.558594	-62.609959
6890.625000	-61.217167
6933.691406	-61.525547
6976.757813	-60.427242
7019.824219	-60.450932
7062.890625	-59.143814
7105.957031	-57.441589
7149.023438	-55.626633
7192.089844	-56.054474
7235.156250	-56.805138
7278.222656	-56.713531
7321.289063	-56.279114
7364.355469	-56.124096
7407.421875	-54.425304
7450.488281	-53.142441
7493.554688	-52.032249
7536.621094	-50.366241
7579.687500	-50.926350
7622.753906	-53.343113
7665.820313	-55.599701
7708.886719	-55.513081
7751.953125	-55.994122
7795.019531	-56.996151
7838.085938	-57.820644
7881.152344	-57.960682
7924.218750	-58.461014
7967.285156	-56.859386
8010.351563	-57.516941
8053.417969	-60.252254
8096.484375	-61.604885
8139.550781	-60.419216
8182.617188	-59.851509
8225.683594	-61.204201
8268.750000	-61.595039
8311.816406	-60.964909
8354.882813	-60.907410
8397.949219	-62.634995
8441.015625	-64.664352
8484.082031	-64.742050
8527.148438	-63.614983
8570.214844	-64.053093
8613.281250	-63.998383
8656.347656	-64.655266
8699.414063	-64.228355
8742.480469	-63.187634
8785.546875	-64.730881
8828.613281	-65.628929
8871.679688	-64.779343
8914.746094	-63.724537
8957.812500	-63.074860
9000.878906	-64.120880
9043.945313	-62.960686
9087.011719	-63.905415
9130.078125	-65.380661
9173.144531	-68.498711
9216.210938	-66.893829
9259.277344	-66.290581
9302.343750	-67.607704
9345.410156	-69.593643
9388.476563	-70.200401
9431.542969	-69.338165
9474.609375	-69.728149
9517.675781	-69.590538
9560.742188	-69.365776
9603.808594	-68.428703
9646.875000	-69.385887
9689.941406	-70.205849
9733.007813	-69.722084
9776.074219	-69.678566
9819.140625	-70.932556
9862.207031	-71.571976
9905.273438	-69.701523
9948.339844	-68.289185
9991.406250	-68.768448
10034.472656	-69.177582
10077.539063	-69.013298
10120.605469	-69.377205
10163.671875	-68.657127
10206.738281	-68.428520
10249.804688	-68.758186
10292.871094	-68.582550
10335.937500	-68.753227
10379.003906	-69.065208
10422.070313	-69.887421
10465.136719	-68.638756
10508.203125	-68.902573
10551.269531	-68.823387
10594.335938	-68.892899
10637.402344	-69.501213
10680.468750	-68.969345
10723.535156	-70.150352
10766.601563	-72.140450
10809.667969	-71.925690
10852.734375	-71.523224
10895.800781	-70.965881
10938.867188	-72.109810
10981.933594	-73.190147
11025.000000	-72.849747
11068.066406	-72.972137
11111.132813	-73.231628
11154.199219	-73.879829
11197.265625	-73.274620
11240.332031	-72.922081
11283.398438	-74.629944
11326.464844	-75.328918
11369.531250	-75.496307
11412.597656	-74.618027
11455.664063	-75.004051
11498.730469	-74.362816
11541.796875	-72.897026
11584.863281	-73.016998
11627.929688	-73.970184
11670.996094	-73.598625
11714.062500	-73.202087
11757.128906	-74.700562
11800.195313	-76.191673
11843.261719	-75.488701
11886.328125	-79.646500
11929.394531	-91.240898
11972.460938	-101.324661
12015.527344	-108.920708
12058.593750	-113.346512
12101.660156	-114.677864
12144.726563	-114.802528
12187.792969	-114.185333
12230.859375	-113.930931
12273.925781	-114.054771
12316.992188	-114.309052
12360.058594	-114.296738
12403.125000	-114.458611
12446.191406	-114.838364
12489.257813	-115.155525
12532.324219	-115.218002
12575.390625	-114.276054
12618.457031	-113.986336
12661.523438	-114.590591
12704.589844	-114.477341
12747.656250	-113.984856
12790.722656	-114.161293
12833.789063	-114.626801
12876.855469	-114.723869
12919.921875	-114.635063
12962.988281	-114.943565
13006.054688	-115.317932
13049.121094	-115.411247
13092.187500	-114.779305
13135.253906	-114.429398
13178.320313	-114.841751
13221.386719	-114.610336
13264.453125	-114.728706
13307.519531	-114.162811
13350.585938	-114.383858
13393.652344	-114.447586
13436.718750	-114.429535
13479.785156	-114.581772
13522.851563	-114.564629
13565.917969	-114.667519
13608.984375	-114.824402
13652.050781	-114.841728
13695.117188	-114.807022
13738.183594	-114.838722
13781.250000	-113.825584
13824.316406	-114.230186
13867.382813	-114.559410
13910.449219	-114.391319
13953.515625	-114.071991
13996.582031	-114.375092
14039.648438	-114.966469
14082.714844	-114.987335
14125.781250	-114.415390
14168.847656	-114.880852
14211.914063	-115.615074
14254.980469	-115.382126
14298.046875	-114.485649
14341.113281	-114.535583
14384.179688	-114.831078
14427.246094	-115.016808
14470.312500	-114.656342
14513.378906	-114.005928
14556.445313	-114.142639
14599.511719	-114.141357
14642.578125	-113.990517
14685.644531	-113.895493
14728.710938	-113.892029
14771.777344	-114.324730
14814.843750	-114.275948
14857.910156	-113.935173
14900.976563	-114.173073
14944.042969	-114.594337
14987.109375	-114.199577
15030.175781	-114.290169
15073.242188	-114.112274
15116.308594	-113.572960
15159.375000	-114.738930
15202.441406	-114.512840
15245.507813	-114.181549
15288.574219	-114.236023
15331.640625	-114.267204
15374.707031	-114.153687
15417.773438	-114.803436
15460.839844	-115.252167
15503.906250	-114.327118
15546.972656	-114.887787
15590.039063	-115.602249
15633.105469	-115.974030
15676.171875	-115.512039
15719.238281	-115.753403
15762.304688	-116.799973
15805.371094	-117.301155
15848.437500	-117.224197
15891.503906	-117.112534
15934.570313	-117.351784
15977.636719	-117.271545
16020.703125	-117.142784
16063.769531	-117.331482
16106.835938	-117.431915
16149.902344	-117.722557
16192.968750	-117.780907
16236.035156	-117.189346
16279.101563	-117.222069
16322.167969	-116.928772
16365.234375	-117.418655
16408.300781	-117.448761
16451.367188	-117.156921
16494.433594	-117.028282
16537.500000	-117.125328
16580.566406	-117.319313
16623.632813	-117.355278
16666.699219	-117.622009
16709.765625	-117.670067
16752.832031	-117.369675
16795.898438	-117.757492
16838.964844	-117.760735
16882.031250	-117.482307
16925.097656	-117.397888
16968.164063	-116.959648
17011.230469	-117.100204
17054.296875	-117.458023
17097.363281	-117.100693
17140.429688	-117.091309
17183.496094	-116.855019
17226.562500	-117.155556
17269.628906	-117.456100
17312.695313	-117.305984
17355.761719	-117.723801
17398.828125	-117.477844
17441.894531	-117.045120
17484.960938	-117.461395
17528.027344	-117.627869
17571.093750	-117.387482
17614.160156	-117.490921
17657.226563	-117.445313
17700.292969	-117.524567
17743.359375	-117.521332
17786.425781	-117.261902
17829.492188	-117.082474
17872.558594	-117.150917
17915.625000	-117.626083
17958.691406	-116.921288
18001.757813	-116.885643
18044.824219	-116.747604
18087.890625	-116.966743
18130.957031	-117.344833
18174.023438	-117.389954
18217.089844	-117.357933
18260.156250	-117.963226
18303.222656	-117.686714
18346.289063	-117.510918
18389.355469	-117.479362
18432.421875	-117.505600
18475.488281	-117.437439
18518.554688	-117.284790
18561.621094	-117.335075
18604.687500	-117.535400
18647.753906	-117.580566
18690.820313	-117.589592
18733.886719	-117.253181
18776.953125	-116.939537
18820.019531	-117.454659
18863.085938	-117.717712
18906.152344	-117.892197
18949.218750	-117.763222
18992.285156	-117.609985
19035.351563	-117.961288
19078.417969	-118.122993
19121.484375	-117.866219
19164.550781	-117.758835
19207.617188	-117.798599
19250.683594	-117.911552
19293.750000	-117.957848
19336.816406	-117.904503
19379.882813	-118.035057
19422.949219	-117.571854
19466.015625	-117.507622
19509.082031	-117.848030
19552.148438	-117.638016
19595.214844	-117.399483
19638.281250	-117.307220
19681.347656	-117.657326
19724.414063	-117.685028
19767.480469	-117.605408
19810.546875	-117.896309
19853.613281	-118.259209
19896.679688	-117.731094
19939.746094	-117.785698
19982.812500	-117.843864
20025.878906	-117.514076
20068.945313	-117.188614
20112.011719	-117.675385
20155.078125	-118.057251
20198.144531	-118.162811
20241.210938	-117.845688
20284.277344	-117.488914
20327.343750	-117.299843
20370.410156	-117.862885
20413.476563	-117.460396
20456.542969	-117.089867
20499.609375	-117.549835
20542.675781	-117.931282
20585.742188	-117.745926
20628.808594	-117.671768
20671.875000	-117.773819
20714.941406	-117.508072
20758.007813	-117.412514
20801.074219	-117.479271
20844.140625	-117.349716
20887.207031	-117.259453
20930.273438	-117.786469
20973.339844	-117.712692
21016.406250	-117.409424
21059.472656	-117.368568
21102.539063	-117.732513
21145.605469	-117.590775
21188.671875	-117.839912
21231.738281	-117.410820
21274.804688	-117.208397
21317.871094	-117.651962
21360.937500	-117.276115
21404.003906	-117.290359
21447.070313	-117.582176
21490.136719	-117.836052
21533.203125	-117.582794
21576.269531	-117.635765
21619.335938	-117.035828
21662.402344	-117.349792
21705.468750	-117.782875
21748.535156	-117.862854
21791.601563	-117.866859
21834.667969	-117.575790
21877.734375	-117.786819
21920.800781	-118.008987
21963.867188	-117.753815
22006.933594	-117.608704
