주파수 (Hz)	레벨 (dB)
43.066406	-58.889194
86.132813	-60.638447
129.199219	-58.197666
172.265625	-54.615593
215.332031	-56.192379
258.398438	-59.016228
301.464844	-60.179108
344.531250	-58.320232
387.597656	-53.535782
430.664063	-52.825623
473.730469	-52.879074
516.796875	-53.935101
559.863281	-51.022388
602.929688	-47.993397
645.996094	-47.081223
689.062500	-43.182697
732.128906	-38.568489
775.195313	-32.395374
818.261719	-28.425613
861.328125	-26.299809
904.394531	-21.788427
947.460938	-22.900173
990.527344	-26.329630
1033.593750	-30.948334
1076.660156	-26.056692
1119.726563	-22.940397
1162.792969	-26.647070
1205.859375	-30.923523
1248.925781	-33.199562
1291.992188	-35.700069
1335.058594	-38.054871
1378.125000	-38.355579
1421.191406	-38.279640
1464.257813	-32.575069
1507.324219	-29.248154
1550.390625	-27.180758
1593.457031	-25.254330
1636.523438	-22.350512
1679.589844	-20.126810
1722.656250	-20.255047
1765.722656	-21.128017
1808.789063	-16.189175
1851.855469	-13.052047
1894.921875	-13.588348
1937.988281	-12.496574
1981.054688	-10.635514
2024.121094	-9.191385
2067.187500	-7.790039
2110.253906	-6.074073
2153.320313	-4.892639
2196.386719	-6.732788
2239.453125	-17.498741
2282.519531	-23.694101
2325.585938	-24.251017
2368.652344	-29.945780
2411.718750	-34.575401
2454.785156	-35.307507
2497.851563	-36.761002
2540.917969	-38.017761
2583.984375	-40.442593
2627.050781	-41.393944
2670.117188	-41.386955
2713.183594	-42.394169
2756.250000	-43.258511
2799.316406	-43.416142
2842.382813	-45.042286
2885.449219	-45.762608
2928.515625	-45.482777
2971.582031	-41.552322
3014.648438	-40.388363
3057.714844	-42.046135
3100.781250	-43.542961
3143.847656	-42.456825
3186.914063	-41.863373
3229.980469	-40.807266
3273.046875	-40.515961
3316.113281	-42.091572
3359.179688	-43.044342
3402.246094	-44.114704
3445.312500	-45.695381
3488.378906	-42.467091
3531.445313	-42.002731
3574.511719	-43.543770
3617.578125	-39.444386
3660.644531	-32.537975
3703.710938	-29.562204
3746.777344	-28.940187
3789.843750	-25.729757
3832.910156	-23.983820
3875.976563	-21.072927
3919.042969	-20.582911
3962.109375	-21.071547
4005.175781	-20.696447
4048.242188	-20.990263
4091.308594	-17.575718
4134.375000	-15.706056
4177.441406	-17.066088
4220.507813	-16.492609
4263.574219	-17.595602
4306.640625	-18.532316
4349.707031	-16.733986
4392.773438	-20.145166
4435.839844	-32.659344
4478.906250	-38.787769
4521.972656	-40.631485
4565.039063	-45.163071
4608.105469	-46.624928
4651.171875	-46.980282
4694.238281	-47.496964
4737.304688	-48.130375
4780.371094	-45.511650
4823.437500	-44.755806
4866.503906	-44.585796
4909.570313	-44.094330
4952.636719	-42.730438
4995.703125	-42.518814
5038.769531	-42.368084
5081.835938	-42.819862
5124.902344	-43.727009
5167.968750	-44.586433
5211.035156	-41.755840
5254.101563	-42.584747
5297.167969	-41.620304
5340.234375	-42.594921
5383.300781	-43.041172
5426.367188	-42.166660
5469.433594	-38.828445
5512.500000	-36.665630
5555.566406	-36.326061
5598.632813	-36.216335
5641.699219	-36.301613
5684.765625	-31.581425
5727.832031	-29.511015
5770.898438	-30.952656
5813.964844	-29.872869
5857.031250	-30.176744
5900.097656	-31.181311
5943.164063	-29.248112
5986.230469	-26.164879
6029.296875	-25.391188
6072.363281	-24.648983
6115.429688	-24.299608
6158.496094	-23.529518
6201.562500	-23.323092
6244.628906	-23.786903
6287.695313	-23.478722
6330.761719	-22.955244
6373.828125	-23.766403
6416.894531	-24.481895
6459.960938	-25.979000
6503.027344	-27.014496
6546.093750	-27.038649
6589.160156	-31.968407
6632.226563	-41.164852
6675.292969	-42.643696
6718.359375	-42.710873
6761.425781	-44.897144
6804.492188	-47.334702
6847.558594	-44.527576
6890.625000	-43.283020
6933.691406	-45.401245
6976.757813	-46.378082
7019.824219	-43.500893
7062.890625	-44.674850
7105.957031	-44.054977
7149.023438	-44.770630
7192.089844	-46.405754
7235.156250	-47.599186
7278.222656	-47.055721
7321.289063	-48.000923
7364.355469	-48.251968
7407.421875	-47.892647
7450.488281	-48.384666
7493.554688	-48.130138
7536.621094	-48.610031
7579.687500	-45.640606
7622.753906	-46.134567
7665.820313	-52.112278
7708.886719	-50.528790
7751.953125	-50.283043
7795.019531	-52.575432
7838.085938	-54.921902
7881.152344	-54.710857
7924.218750	-53.944653
7967.285156	-53.186268
8010.351563	-52.079906
8053.417969	-52.423569
8096.484375	-50.400078
8139.550781	-49.477146
8182.617188	-46.182522
8225.683594	-43.989792
8268.750000	-42.296371
8311.816406	-41.423042
8354.882813	-40.309719
8397.949219	-39.589569
8441.015625	-39.689972
8484.082031	-40.034630
8527.148438	-39.542412
8570.214844	-40.665035
8613.281250	-44.036545
8656.347656	-45.915577
8699.414063	-41.227070
8742.480469	-38.974400
8785.546875	-45.733746
8828.613281	-56.008209
8871.679688	-56.496906
8914.746094	-57.892860
8957.812500	-56.982010
9000.878906	-56.440426
9043.945313	-55.580437
9087.011719	-56.553844
9130.078125	-57.944233
9173.144531	-59.728992
9216.210938	-59.299774
9259.277344	-58.426949
9302.343750	-58.687248
9345.410156	-58.403763
9388.476563	-56.590969
9431.542969	-57.319393
9474.609375	-56.932037
9517.675781	-55.271362
9560.742188	-53.793118
9603.808594	-52.775063
9646.875000	-55.886803
9689.941406	-53.577831
9733.007813	-51.651466
9776.074219	-55.739803
9819.140625	-55.759628
9862.207031	-56.166492
9905.273438	-54.584412
9948.339844	-55.205795
9991.406250	-55.822277
10034.472656	-54.446976
10077.539063	-53.575138
10120.605469	-54.048088
10163.671875	-51.933464
10206.738281	-48.340969
10249.804688	-47.517101
10292.871094	-49.280399
10335.937500	-50.072716
10379.003906	-50.365681
10422.070313	-50.877159
10465.136719	-51.859184
10508.203125	-49.892803
10551.269531	-49.617718
10594.335938	-54.223454
10637.402344	-54.847450
10680.468750	-55.211365
10723.535156	-56.801487
10766.601563	-58.035088
10809.667969	-57.844334
10852.734375	-55.800797
10895.800781	-53.931087
10938.867188	-54.260605
10981.933594	-59.604279
11025.000000	-61.673973
11068.066406	-61.695465
11111.132813	-59.996304
11154.199219	-57.244675
11197.265625	-59.394638
11240.332031	-60.606121
11283.398438	-59.619667
11326.464844	-60.065533
11369.531250	-58.200260
11412.597656	-58.248268
11455.664063	-59.418072
11498.730469	-59.977726
11541.796875	-60.458385
11584.863281	-58.969578
11627.929688	-58.513683
11670.996094	-57.673302
11714.062500	-58.548443
11757.128906	-60.290688
11800.195313	-60.635456
11843.261719	-61.556061
11886.328125	-61.384346
11929.394531	-61.223419
11972.460938	-59.488964
12015.527344	-56.385456
12058.593750	-57.151657
12101.660156	-56.491814
12144.726563	-55.176453
12187.792969	-58.181446
12230.859375	-60.844906
12273.925781	-59.315514
12316.992188	-59.584793
12360.058594	-62.523487
12403.125000	-61.594090
12446.191406	-58.782814
12489.257813	-58.847694
12532.324219	-60.586864
12575.390625	-60.891479
12618.457031	-58.209076
12661.523438	-56.940804
12704.589844	-59.181973
12747.656250	-58.536682
12790.722656	-57.129158
12833.789063	-60.097134
12876.855469	-61.587715
12919.921875	-59.865208
12962.988281	-59.091217
13006.054688	-61.008636
13049.121094	-61.840401
13092.187500	-61.236336
13135.253906	-61.991463
13178.320313	-65.212372
13221.386719	-66.443169
13264.453125	-69.232124
13307.519531	-70.219162
13350.585938	-70.103600
13393.652344	-69.566757
13436.718750	-68.573700
13479.785156	-68.314293
13522.851563	-67.979111
13565.917969	-67.517616
13608.984375	-68.192322
13652.050781	-69.810211
13695.117188	-65.236298
13738.183594	-61.589169
13781.250000	-62.390179
13824.316406	-63.673111
13867.382813	-62.627216
13910.449219	-62.418816
13953.515625	-62.555477
13996.582031	-63.389717
14039.648438	-60.059029
14082.714844	-59.885784
14125.781250	-60.341564
14168.847656	-59.596096
14211.914063	-58.786270
14254.980469	-58.912754
14298.046875	-58.013412
14341.113281	-57.842598
14384.179688	-58.363056
14427.246094	-58.344940
14470.312500	-57.212791
14513.378906	-56.573757
14556.445313	-56.814140
14599.511719	-55.635738
14642.578125	-55.536308
14685.644531	-55.574245
14728.710938	-55.144569
14771.777344	-52.815777
14814.843750	-51.719547
14857.910156	-52.404510
14900.976563	-49.946518
14944.042969	-48.457748
14987.109375	-49.339584
15030.175781	-49.229836
15073.242188	-49.957050
15116.308594	-49.537083
15159.375000	-48.889526
15202.441406	-47.513481
15245.507813	-47.031582
15288.574219	-45.823151
15331.640625	-50.413681
15374.707031	-56.024124
15417.773438	-56.443993
15460.839844	-56.184628
15503.906250	-55.904346
15546.972656	-55.104820
15590.039063	-56.712769
15633.105469	-59.545303
15676.171875	-60.190334
15719.238281	-61.396656
15762.304688	-66.854828
15805.371094	-80.827820
15848.437500	-94.269234
15891.503906	-102.288849
15934.570313	-107.547791
15977.636719	-111.438042
16020.703125	-111.338455
16063.769531	-114.668358
16106.835938	-113.825165
16149.902344	-115.958008
16192.968750	-116.652214
16236.035156	-117.425377
16279.101563	-118.135170
16322.167969	-118.089188
16365.234375	-119.684380
16408.300781	-120.248306
16451.367188	-120.296738
16494.433594	-120.563606
16537.500000	-121.157501
16580.566406	-120.770340
16623.632813	-119.164040
16666.699219	-119.259644
16709.765625	-120.071533
16752.832031	-119.422356
16795.898438	-119.241241
16838.964844	-119.390053
16882.031250	-118.872139
16925.097656	-119.487434
16968.164063	-119.508873
17011.230469	-119.498192
17054.296875	-119.553444
17097.363281	-119.966164
17140.429688	-119.796608
17183.496094	-119.016510
17226.562500	-119.335480
17269.628906	-120.392540
17312.695313	-120.009827
17355.761719	-120.071365
17398.828125	-119.550644
17441.894531	-120.167755
17484.960938	-119.848511
17528.027344	-119.178185
17571.093750	-119.521622
17614.160156	-119.908867
17657.226563	-119.625732
17700.292969	-120.317207
17743.359375	-121.183510
17786.425781	-121.458229
17829.492188	-120.644356
17872.558594	-119.334732
17915.625000	-121.051880
17958.691406	-120.486633
18001.757813	-120.232864
18044.824219	-119.930321
18087.890625	-119.273232
18130.957031	-119.629547
18174.023438	-120.537086
18217.089844	-119.917007
18260.156250	-119.849442
18303.222656	-120.396294
18346.289063	-119.925102
18389.355469	-119.549278
18432.421875	-119.147606
18475.488281	-119.328156
18518.554688	-119.442055
18561.621094	-120.156296
18604.687500	-119.548210
18647.753906	-119.224609
18690.820313	-119.901474
18733.886719	-119.921967
18776.953125	-119.719696
18820.019531	-120.248108
18863.085938	-120.233925
18906.152344	-119.653114
18949.218750	-120.515793
18992.285156	-121.079338
19035.351563	-120.257637
19078.417969	-120.171989
19121.484375	-120.373360
19164.550781	-120.302208
19207.617188	-120.194603
19250.683594	-119.900055
19293.750000	-120.154343
19336.816406	-120.235146
19379.882813	-119.598984
19422.949219	-119.538094
19466.015625	-119.341476
19509.082031	-119.390160
19552.148438	-119.618294
19595.214844	-120.394547
19638.281250	-120.394264
19681.347656	-120.389191
19724.414063	-120.510452
19767.480469	-119.957733
19810.546875	-119.454735
19853.613281	-120.085899
19896.679688	-120.127113
19939.746094	-120.382065
19982.812500	-120.484200
20025.878906	-120.542206
20068.945313	-119.866806
20112.011719	-119.324661
20155.078125	-120.158943
20198.144531	-120.688026
20241.210938	-120.491005
20284.277344	-120.506729
20327.343750	-120.564835
20370.410156	-120.212425
20413.476563	-120.054924
20456.542969	-120.417809
20499.609375	-120.520325
20542.675781	-120.380013
20585.742188	-119.223305
20628.808594	-120.061913
20671.875000	-120.942764
20714.941406	-120.643089
20758.007813	-120.506165
20801.074219	-120.311470
20844.140625	-119.739388
20887.207031	-119.531654
20930.273438	-120.159973
20973.339844	-120.419434
21016.406250	-119.914627
21059.472656	-119.590591
21102.539063	-119.350487
21145.605469	-119.479713
21188.671875	-120.775024
21231.738281	-120.287964
21274.804688	-119.119087
21317.871094	-120.401703
21360.937500	-120.556946
21404.003906	-120.229050
21447.070313	-120.338898
21490.136719	-120.072784
21533.203125	-120.703049
21576.269531	-121.159081
21619.335938	-120.460640
21662.402344	-119.569809
21705.468750	-119.813156
21748.535156	-120.554466
21791.601563	-119.973381
21834.667969	-119.324173
21877.734375	-120.314934
21920.800781	-120.717140
21963.867188	-120.148911
22006.933594	-120.023003
