주파수 (Hz)	레벨 (dB)
43.066406	-61.764336
86.132813	-60.304363
129.199219	-58.000690
172.265625	-55.216866
215.332031	-53.820839
258.398438	-52.432785
301.464844	-50.838348
344.531250	-48.183922
387.597656	-45.451218
430.664063	-43.269108
473.730469	-44.429981
516.796875	-45.202126
559.863281	-44.227753
602.929688	-43.855953
645.996094	-42.020657
689.062500	-41.676060
732.128906	-39.629719
775.195313	-35.699326
818.261719	-32.644951
861.328125	-30.897846
904.394531	-29.601364
947.460938	-26.361416
990.527344	-24.417122
1033.593750	-24.494133
1076.660156	-25.563473
1119.726563	-23.937023
1162.792969	-20.824097
1205.859375	-13.178520
1248.925781	-10.444479
1291.992188	-13.686540
1335.058594	-21.893347
1378.125000	-25.867569
1421.191406	-28.580008
1464.257813	-31.292347
1507.324219	-30.940067
1550.390625	-30.131500
1593.457031	-30.254551
1636.523438	-29.348892
1679.589844	-30.069317
1722.656250	-30.738115
1765.722656	-28.903795
1808.789063	-29.446989
1851.855469	-29.099302
1894.921875	-28.387192
1937.988281	-27.868479
1981.054688	-25.706434
2024.121094	-21.895906
2067.187500	-21.323227
2110.253906	-24.047062
2153.320313	-26.697481
2196.386719	-28.737309
2239.453125	-29.313656
2282.519531	-28.203167
2325.585938	-29.113916
2368.652344	-28.971739
2411.718750	-23.594946
2454.785156	-21.694859
2497.851563	-24.335829
2540.917969	-27.334242
2583.984375	-30.510443
2627.050781	-32.826042
2670.117188	-32.744293
2713.183594	-33.064575
2756.250000	-34.314259
2799.316406	-33.154037
2842.382813	-30.957918
2885.449219	-30.617331
2928.515625	-31.530075
2971.582031	-32.260876
3014.648438	-32.388809
3057.714844	-33.785168
3100.781250	-32.541260
3143.847656	-30.489948
3186.914063	-29.704870
3229.980469	-27.160532
3273.046875	-25.613415
3316.113281	-26.250652
3359.179688	-28.147978
3402.246094	-30.690443
3445.312500	-33.828510
3488.378906	-36.419350
3531.445313	-36.434559
3574.511719	-34.482285
3617.578125	-32.484432
3660.644531	-30.158718
3703.710938	-30.395267
3746.777344	-32.843170
3789.843750	-34.597790
3832.910156	-34.545528
3875.976563	-35.800468
3919.042969	-36.076355
3962.109375	-35.553371
4005.175781	-34.500111
4048.242188	-33.780960
4091.308594	-32.605431
4134.375000	-30.863247
4177.441406	-32.202927
4220.507813	-34.291599
4263.574219	-36.547943
4306.640625	-37.152523
4349.707031	-37.859604
4392.773438	-38.715179
4435.839844	-37.742428
4478.906250	-37.450150
4521.972656	-38.177212
4565.039063	-38.050446
4608.105469	-38.252666
4651.171875	-38.460003
4694.238281	-39.605137
4737.304688	-41.148914
4780.371094	-43.275238
4823.437500	-43.487209
4866.503906	-43.932850
4909.570313	-43.577793
4952.636719	-43.606682
4995.703125	-44.309185
5038.769531	-44.402046
5081.835938	-44.146866
5124.902344	-43.825016
5167.968750	-43.521225
5211.035156	-42.704609
5254.101563	-41.428604
5297.167969	-41.054493
5340.234375	-39.952518
5383.300781	-40.504234
5426.367188	-42.305065
5469.433594	-43.253567
5512.500000	-43.894943
5555.566406	-44.309299
5598.632813	-44.312855
5641.699219	-43.972942
5684.765625	-43.728348
5727.832031	-44.103546
5770.898438	-45.050484
5813.964844	-44.263939
5857.031250	-44.549088
5900.097656	-44.730637
5943.164063	-44.745567
5986.230469	-44.615208
6029.296875	-43.197208
6072.363281	-41.985260
6115.429688	-40.821659
6158.496094	-40.632607
6201.562500	-41.239914
6244.628906	-41.420933
6287.695313	-42.435570
6330.761719	-42.694767
6373.828125	-42.358112
6416.894531	-41.898361
6459.960938	-42.711063
6503.027344	-42.107750
6546.093750	-42.365334
6589.160156	-41.528431
6632.226563	-42.004375
6675.292969	-42.574657
6718.359375	-42.990582
6761.425781	-43.957558
6804.492188	-44.837650
6847.558594	-44.445911
6890.625000	-43.340054
6933.691406	-43.232803
6976.757813	-44.058498
7019.824219	-44.481014
7062.890625	-45.277592
7105.957031	-45.944862
7149.023438	-45.146629
7192.089844	-46.498371
7235.156250	-46.451508
7278.222656	-46.219658
7321.289063	-47.436001
7364.355469	-46.363136
7407.421875	-45.579163
7450.488281	-45.739849
7493.554688	-47.275417
7536.621094	-47.533699
7579.687500	-47.619469
7622.753906	-47.400650
7665.820313	-47.477482
7708.886719	-48.042789
7751.953125	-48.423843
7795.019531	-47.563541
7838.085938	-46.721909
7881.152344	-47.337994
7924.218750	-48.467636
7967.285156	-48.803886
8010.351563	-49.032249
8053.417969	-48.813980
8096.484375	-49.391628
8139.550781	-49.446327
8182.617188	-50.067276
8225.683594	-49.772934
8268.750000	-49.207462
8311.816406	-49.874245
8354.882813	-50.334988
8397.949219	-51.543842
8441.015625	-50.760101
8484.082031	-49.606079
8527.148438	-50.099121
8570.214844	-50.015053
8613.281250	-49.679859
8656.347656	-49.877426
8699.414063	-49.736214
8742.480469	-49.380054
8785.546875	-49.113091
8828.613281	-50.353157
8871.679688	-51.647343
8914.746094	-50.697891
8957.812500	-50.610802
9000.878906	-51.431072
9043.945313	-51.291416
9087.011719	-50.809219
9130.078125	-51.272316
9173.144531	-50.419983
9216.210938	-51.551483
9259.277344	-52.486652
9302.343750	-51.256748
9345.410156	-52.102001
9388.476563	-54.125816
9431.542969	-53.551914
9474.609375	-53.527245
9517.675781	-53.040356
9560.742188	-52.683838
9603.808594	-53.880669
9646.875000	-54.821548
9689.941406	-53.639637
9733.007813	-53.009991
9776.074219	-53.503902
9819.140625	-53.967785
9862.207031	-54.074711
9905.273438	-54.889835
9948.339844	-54.781906
9991.406250	-55.541851
10034.472656	-55.975941
10077.539063	-56.831764
10120.605469	-60.656322
10163.671875	-59.717609
10206.738281	-61.351002
10249.804688	-59.458019
10292.871094	-59.876659
10335.937500	-61.484154
10379.003906	-60.630135
10422.070313	-60.391743
10465.136719	-61.905582
10508.203125	-62.453163
10551.269531	-61.715057
10594.335938	-63.006256
10637.402344	-65.259232
10680.468750	-66.044296
10723.535156	-64.033958
10766.601563	-63.416252
10809.667969	-61.964123
10852.734375	-60.645302
10895.800781	-60.575344
10938.867188	-60.183899
10981.933594	-60.812531
11025.000000	-61.137703
11068.066406	-59.472797
11111.132813	-60.403694
11154.199219	-60.230125
11197.265625	-62.442822
11240.332031	-63.493382
11283.398438	-62.020599
11326.464844	-61.740643
11369.531250	-59.661545
11412.597656	-60.553650
11455.664063	-66.020988
11498.730469	-64.234238
11541.796875	-63.652954
11584.863281	-66.142502
11627.929688	-65.810875
11670.996094	-68.897713
11714.062500	-66.650757
11757.128906	-67.163406
11800.195313	-66.943932
11843.261719	-66.760071
11886.328125	-68.043747
11929.394531	-64.973732
11972.460938	-64.056969
12015.527344	-65.054794
12058.593750	-67.923019
12101.660156	-69.131706
12144.726563	-68.903915
12187.792969	-68.751274
12230.859375	-69.168434
12273.925781	-75.187271
12316.992188	-67.972488
12360.058594	-64.246429
12403.125000	-64.967690
12446.191406	-66.000984
12489.257813	-64.552963
12532.324219	-63.466591
12575.390625	-64.941673
12618.457031	-67.065681
12661.523438	-67.992493
12704.589844	-70.456711
12747.656250	-69.637474
12790.722656	-67.233292
12833.789063	-69.697166
12876.855469	-75.391182
12919.921875	-72.377480
12962.988281	-70.183777
13006.054688	-70.241104
13049.121094	-69.458443
13092.187500	-69.958984
13135.253906	-69.873787
13178.320313	-69.480293
13221.386719	-67.679710
13264.453125	-66.995544
13307.519531	-69.227745
13350.585938	-69.204704
13393.652344	-69.249969
13436.718750	-72.831520
13479.785156	-77.546295
13522.851563	-75.177750
13565.917969	-75.807144
13608.984375	-77.221222
13652.050781	-80.387535
13695.117188	-85.182823
13738.183594	-87.715004
13781.250000	-97.330925
13824.316406	-92.532707
13867.382813	-83.387512
13910.449219	-81.887695
13953.515625	-85.497971
13996.582031	-97.975067
14039.648438	-107.396324
14082.714844	-108.112701
14125.781250	-108.318771
14168.847656	-110.310577
14211.914063	-110.212257
14254.980469	-108.184753
14298.046875	-108.209053
14341.113281	-107.917221
14384.179688	-107.139107
14427.246094	-108.014656
14470.312500	-110.991348
14513.378906	-113.324036
14556.445313	-111.746681
14599.511719	-110.317871
14642.578125	-109.462036
14685.644531	-108.698441
14728.710938	-110.755608
14771.777344	-113.490822
14814.843750	-112.551231
14857.910156	-110.425957
14900.976563	-109.628738
14944.042969	-110.178810
14987.109375	-112.638359
15030.175781	-118.269058
15073.242188	-119.668793
15116.308594	-119.936584
15159.375000	-120.218475
15202.441406	-120.293892
15245.507813	-120.042564
15288.574219	-120.033066
15331.640625	-120.166298
15374.707031	-120.664154
15417.773438	-120.356438
15460.839844	-120.086548
15503.906250	-120.136292
15546.972656	-119.833038
15590.039063	-120.203934
15633.105469	-119.425697
15676.171875	-119.596809
15719.238281	-120.269295
15762.304688	-119.946274
15805.371094	-120.023170
15848.437500	-119.585220
15891.503906	-119.768936
15934.570313	-119.812515
15977.636719	-120.048073
16020.703125	-119.860985
16063.769531	-119.775124
16106.835938	-119.850220
16149.902344	-120.222527
16192.968750	-120.713203
16236.035156	-120.365585
16279.101563	-119.835739
16322.167969	-120.167229
16365.234375	-119.991333
16408.300781	-119.691566
16451.367188	-119.913406
16494.433594	-120.039627
16537.500000	-120.472832
16580.566406	-120.474167
16623.632813	-120.307472
16666.699219	-120.648651
16709.765625	-120.640366
16752.832031	-120.284180
16795.898438	-120.302544
16838.964844	-120.589828
16882.031250	-120.217865
16925.097656	-119.947044
16968.164063	-119.528503
17011.230469	-120.274551
17054.296875	-120.467003
17097.363281	-120.506119
17140.429688	-120.661858
17183.496094	-120.171143
17226.562500	-120.225403
17269.628906	-120.430450
17312.695313	-120.658913
17355.761719	-119.757111
17398.828125	-119.740967
17441.894531	-120.241348
17484.960938	-120.153252
17528.027344	-120.291489
17571.093750	-120.516785
17614.160156	-120.719589
17657.226563	-120.673271
17700.292969	-120.363953
17743.359375	-120.042122
17786.425781	-119.786369
17829.492188	-120.057991
17872.558594	-120.029076
17915.625000	-120.325081
17958.691406	-120.496277
18001.757813	-120.432640
18044.824219	-120.359482
18087.890625	-119.873032
18130.957031	-119.896652
18174.023438	-119.553612
18217.089844	-119.617111
18260.156250	-120.779770
18303.222656	-120.381393
18346.289063	-119.990494
18389.355469	-120.119995
18432.421875	-119.984215
18475.488281	-119.872772
18518.554688	-120.334221
18561.621094	-119.934929
18604.687500	-120.295341
18647.753906	-120.508530
18690.820313	-120.321060
18733.886719	-120.441475
18776.953125	-120.594688
18820.019531	-120.452179
18863.085938	-120.506927
18906.152344	-120.551796
18949.218750	-120.162971
18992.285156	-120.463272
19035.351563	-120.636581
19078.417969	-120.402603
19121.484375	-120.240288
19164.550781	-119.897118
19207.617188	-120.345627
19250.683594	-120.679153
19293.750000	-120.574562
19336.816406	-120.809052
19379.882813	-120.532242
19422.949219	-120.152542
19466.015625	-120.207794
19509.082031	-120.424316
19552.148438	-120.915993
19595.214844	-120.673187
19638.281250	-119.900826
19681.347656	-119.983711
19724.414063	-120.244942
19767.480469	-120.252548
19810.546875	-120.310623
19853.613281	-120.231194
19896.679688	-120.201035
19939.746094	-120.310669
19982.812500	-120.289558
20025.878906	-120.333305
20068.945313	-120.007172
20112.011719	-120.309135
20155.078125	-120.167747
20198.144531	-120.148666
20241.210938	-120.541092
20284.277344	-120.882759
20327.343750	-120.836533
20370.410156	-120.385094
20413.476563	-120.151848
20456.542969	-120.389572
20499.609375	-120.186508
20542.675781	-120.208366
20585.742188	-120.630234
20628.808594	-120.511902
20671.875000	-120.418297
20714.941406	-120.553764
20758.007813	-120.549042
20801.074219	-120.247208
20844.140625	-120.150597
20887.207031	-120.430923
20930.273438	-120.387932
20973.339844	-120.365234
21016.406250	-120.135765
21059.472656	-120.005814
21102.539063	-120.163330
21145.605469	-120.429642
21188.671875	-120.298058
21231.738281	-120.522980
21274.804688	-120.211884
21317.871094	-119.822319
21360.937500	-120.257202
21404.003906	-120.767326
21447.070313	-121.055984
21490.136719	-121.111221
21533.203125	-120.415085
21576.269531	-120.218346
21619.335938	-120.401924
21662.402344	-120.163773
21705.468750	-120.671280
21748.535156	-120.748024
21791.601563	-120.201729
21834.667969	-119.915070
21877.734375	-120.397736
21920.800781	-120.485344
21963.867188	-120.055290
22006.933594	-119.698349
